 Grid points 
  state        r                 ab initio             calc.           ab initio - calc        weight

XZh11                                                                           
     1       0.480526316        244123.26            1239627.6           -995504.37        0.0000E+00
     1       0.500000000        233987.62            1085010.7           -851023.08        0.0000E+00
     1       0.519473684        223851.99            947801.63           -723949.64        0.0000E+00
     1       0.538947368        213716.35            826165.32           -612448.96        0.0000E+00
     1       0.558421053        203580.72            718454.54           -514873.82        0.0000E+00
     1       0.577894737        193445.08            623191.02           -429745.93        0.0000E+00
     1       0.597368421        183309.45            539048.31           -355738.86        0.0000E+00
     1       0.616842105        173173.81            464836.48           -291662.66        0.0000E+00
     1       0.636315789        163038.18            399488.31           -236450.13        0.0000E+00
     1       0.655789474        152902.54            342046.82           -189144.27        0.0000E+00
     1       0.675263158        142766.91            291654.12           -148887.21        0.0000E+00
     1       0.694736842        132631.28            247541.34           -114910.07        0.0000E+00
     1       0.714210526        122495.64            209019.59           -86523.955        0.0000E+00
     1       0.733684211        112360.01            175471.80           -63111.792        0.0000E+00
     1       0.753157895        102224.37            146345.39           -44121.015        0.0000E+00
     1       0.772631579        92088.736            121145.72           -29056.980        0.0000E+00
     1       0.792105263        81953.101            99430.145           -17477.044        0.0000E+00
     1       0.811578947        71817.466            80802.709           -8985.2427        0.0000E+00
     1       0.831052632        61681.831            64909.335           -3227.5042        0.0000E+00
     1       0.850526316        51546.196            51433.546            112.64999        0.0000E+00
     1       0.870000000        41410.561            40092.589            1317.9719        0.0000E+00
     1       0.871240000        40765.168            39436.706            1328.4615        0.0000E+00
     1       0.872480000        40121.612            38788.385            1333.2266        0.0000E+00
     1       0.873720000        39480.147            38147.565            1332.5826        0.0000E+00
     1       0.874960000        38840.364            37514.185            1326.1797        0.0000E+00
     1       0.876200000        38201.469            36888.185            1313.2835        0.0000E+00
     1       0.877440000        37564.238            36269.507            1294.7316        0.0000E+00
     1       0.878680000        36931.959            35658.090            1273.8688        0.0000E+00
     1       0.879920000        36308.042            35053.877            1254.1651        0.0000E+00
     1       0.881160000        35693.626            34456.809            1236.8172        0.0000E+00
     1       0.882400000        35087.575            33866.828            1220.7477        0.0000E+00
     1       0.883640000        34488.671            33283.876            1204.7942        0.0000E+00
     1       0.884880000        33895.984            32707.898            1188.0859        0.0000E+00
     1       0.886120000        33308.868            32138.836            1170.0319        0.0000E+00
     1       0.887360000        32726.706            31576.633            1150.0726        0.0000E+00
     1       0.888600000        32149.812            31021.235            1128.5767        0.0000E+00
     1       0.889840000        31579.803            30472.586            1107.2166        0.0000E+00
     1       0.891080000        31018.393            29930.631            1087.7616        0.0000E+00
     1       0.892320000        30466.741            29395.315            1071.4263        0.0000E+00
     1       0.893560000        29924.181            28866.585            1057.5964        0.0000E+00
     1       0.894800000        29389.666            28344.386            1045.2808        0.0000E+00
     1       0.896040000        28862.175            27828.665            1033.5106        0.0000E+00
     1       0.897280000        28341.168            27319.369            1021.7991        0.0000E+00
     1       0.898520000        27826.568            26816.446            1010.1219        0.0000E+00
     1       0.899760000        27318.316            26319.843            998.47294        0.0000E+00
     1       0.901000000        26816.313            25829.508            986.80503        0.0000E+00
     1       0.902240000        26320.077            25345.390            974.68674        0.0000E+00
     1       0.903480000        25828.913            24867.439            961.47457        0.0000E+00
     1       0.904720000        25342.125            24395.602            946.52264        0.0000E+00
     1       0.905960000        24859.126            23929.830            929.29561        0.0000E+00
     1       0.907200000        24380.501            23470.073            910.42806        0.0000E+00
     1       0.908440000        23907.538            23016.282            891.25671        0.0000E+00
     1       0.909680000        23441.534            22568.406            873.12783        0.0000E+00
     1       0.910920000        22983.759            22126.397            857.36221        0.0000E+00
     1       0.912160000        22534.625            21690.207            844.41790        0.0000E+00
     1       0.913400000        22093.473            21259.787            833.68669        0.0000E+00
     1       0.914640000        21659.584            20835.089            824.49472        0.0000E+00
     1       0.915880000        21232.234            20416.067            816.16739        0.0000E+00
     1       0.917120000        20810.724            20002.672            808.05193        0.0000E+00
     1       0.918360000        20394.551            19594.858            799.69285        0.0000E+00
     1       0.919600000        19983.318            19192.579            790.73860        0.0000E+00
     1       0.920840000        19576.626            18795.788            780.83781        0.0000E+00
     1       0.922080000        19174.079            18404.440            769.63905        0.0000E+00
     1       0.923320000        18775.332            18018.489            756.84258        0.0000E+00
     1       0.924560000        18380.658            17637.891            742.76730        0.0000E+00
     1       0.925800000        17990.736            17262.599            728.13660        0.0000E+00
     1       0.927040000        17606.251            16892.571            713.68065        0.0000E+00
     1       0.928280000        17227.890            16527.761            700.12906        0.0000E+00
     1       0.929520000        16856.336            16168.126            688.21025        0.0000E+00
     1       0.930760000        16491.918            15813.623            678.29501        0.0000E+00
     1       0.932000000        16134.112            15464.207            669.90480        0.0000E+00
     1       0.933240000        15782.275            15119.838            662.43707        0.0000E+00
     1       0.934480000        15435.760            14780.471            655.28917        0.0000E+00
     1       0.935720000        15093.922            14446.064            647.85792        0.0000E+00
     1       0.936960000        14756.117            14116.577            639.54022        0.0000E+00
     1       0.938200000        14421.886            13791.967            629.91930        0.0000E+00
     1       0.939440000        14091.418            13472.192            619.22605        0.0000E+00
     1       0.940680000        13765.044            13157.212            607.83127        0.0000E+00
     1       0.941920000        13443.092            12846.987            596.10496        0.0000E+00
     1       0.943160000        13125.892            12541.475            584.41721        0.0000E+00
     1       0.944400000        12813.774            12240.637            573.13773        0.0000E+00
     1       0.945640000        12507.066            11944.432            562.63392        0.0000E+00
     1       0.946880000        12205.906            11652.822            553.08388        0.0000E+00
     1       0.948120000        11910.089            11365.767            544.32165        0.0000E+00
     1       0.949360000        11619.373            11083.228            536.14446        0.0000E+00
     1       0.950600000        11333.517            10805.167            528.34954        0.0000E+00
     1       0.951840000        11052.279            10531.545            520.73355        0.0000E+00
     1       0.953080000        10775.417            10262.324            513.09309        0.0000E+00
     1       0.954320000        10502.690            9997.4663            505.22413        0.0000E+00
     1       0.955560000        10233.865            9736.9343            496.93100        0.0000E+00
     1       0.956800000        9968.8687            9480.6909            488.17778        0.0000E+00
     1       0.958040000        9707.7754            9228.6990            479.07638        0.0000E+00
     1       0.959280000        9450.6658            8980.9220            469.74375        0.0000E+00
     1       0.960520000        9197.6201            8737.3235            460.29656        0.0000E+00
     1       0.961760000        8948.7186            8497.8673            450.85127        0.0000E+00
     1       0.963000000        8704.0415            8262.5175            441.52404        0.0000E+00
     1       0.964240000        8463.6693            8031.2385            432.43076        0.0000E+00
     1       0.965480000        8227.6821            7803.9950            423.68709        0.0000E+00
     1       0.966720000        7996.1545            7580.7519            415.40261        0.0000E+00
     1       0.967960000        7769.0678            7361.4743            407.59352        0.0000E+00
     1       0.969200000        7546.3279            7146.1277            400.20024        0.0000E+00
     1       0.970440000        7327.8385            6934.6777            393.16078        0.0000E+00
     1       0.971680000        7113.5032            6727.0903            386.41289        0.0000E+00
     1       0.972920000        6903.2258            6523.3318            379.89404        0.0000E+00
     1       0.974160000        6696.9099            6323.3684            373.54150        0.0000E+00
     1       0.975400000        6494.4592            6127.1670            367.29227        0.0000E+00
     1       0.976640000        6295.7775            5934.6944            361.08308        0.0000E+00
     1       0.977880000        6100.7683            5745.9179            354.85043        0.0000E+00
     1       0.979120000        5909.3354            5560.8048            348.53058        0.0000E+00
     1       0.980360000        5721.3874            5379.3230            342.06444        0.0000E+00
     1       0.981600000        5536.8845            5201.4402            335.44429        0.0000E+00
     1       0.982840000        5355.8178            5027.1246            328.69315        0.0000E+00
     1       0.984080000        5178.1789            4856.3447            321.83423        0.0000E+00
     1       0.985320000        5003.9595            4689.0690            314.89054        0.0000E+00
     1       0.986560000        4833.1512            4525.2664            307.88480        0.0000E+00
     1       0.987800000        4665.7456            4364.9060            300.83955        0.0000E+00
     1       0.989040000        4501.7342            4207.9572            293.77705        0.0000E+00
     1       0.990280000        4341.1088            4054.3894            286.71937        0.0000E+00
     1       0.991520000        4183.8608            3904.1725            279.68832        0.0000E+00
     1       0.992760000        4029.9820            3757.2765            272.70551        0.0000E+00
     1       0.994000000        3879.4639            3613.6716            265.79233        0.0000E+00
     1       0.995240000        3732.2982            3473.3282            258.96990        0.0000E+00
     1       0.996480000        3588.4763            3336.2172            252.25918        0.0000E+00
     1       0.997720000        3447.9889            3202.3092            245.67970        0.0000E+00
     1       0.998960000        3310.8124            3071.5755            239.23692        0.0000E+00
     1       1.000200000        3176.9144            2943.9874            232.92699        0.0000E+00
     1       1.001440000        3046.2622            2819.5165            226.74570        0.0000E+00
     1       1.002680000        2918.8230            2698.1344            220.68862        0.0000E+00
     1       1.003920000        2794.5644            2579.8132            214.75113        0.0000E+00
     1       1.005160000        2673.4535            2464.5251            208.92835        0.0000E+00
     1       1.006400000        2555.4577            2352.2425            203.21524        0.0000E+00
     1       1.007640000        2440.5444            2242.9379            197.60654        0.0000E+00
     1       1.008880000        2328.6809            2136.5841            192.09675        0.0000E+00
     1       1.010120000        2219.8345            2033.1542            186.68021        0.0000E+00
     1       1.011360000        2113.9725            1932.6215            181.35104        0.0000E+00
     1       1.012600000        2011.0624            1834.9592            176.10316        0.0000E+00
     1       1.013840000        1911.0714            1740.1411            170.93026        0.0000E+00
     1       1.015080000        1813.9668            1648.1409            165.82588        0.0000E+00
     1       1.016320000        1719.7160            1558.9327            160.78333        0.0000E+00
     1       1.017560000        1628.2864            1472.4907            155.79573        0.0000E+00
     1       1.018800000        1539.6453            1388.7893            150.85601        0.0000E+00
     1       1.020040000        1453.7599            1307.8030            145.95690        0.0000E+00
     1       1.021280000        1370.5977            1229.5067            141.09095        0.0000E+00
     1       1.022520000        1290.1260            1153.8755            136.25051        0.0000E+00
     1       1.023760000        1212.3120            1080.8843            131.42774        0.0000E+00
     1       1.025000000        1137.1244            1010.5086            126.61575        0.0000E+00
     1       1.026240000        1064.5400            942.72404            121.81594        0.0000E+00
     1       1.027480000        994.53943            877.50623            117.03320        0.0000E+00
     1       1.028720000        927.10336            814.83112            112.27224        0.0000E+00
     1       1.029960000        862.21243            754.67483            107.53760        0.0000E+00
     1       1.031200000        799.84728            697.01363            102.83365        0.0000E+00
     1       1.032440000        739.98854            641.82398            98.164561        0.0000E+00
     1       1.033680000        682.61687            589.08254            93.534334        0.0000E+00
     1       1.034920000        627.71291            538.76612            88.946789        0.0000E+00
     1       1.036160000        575.25729            490.85172            84.405570        0.0000E+00
     1       1.037400000        525.23067            445.31652            79.914148        0.0000E+00
     1       1.038640000        477.61367            402.13786            75.475815        0.0000E+00
     1       1.039880000        432.38695            361.29326            71.093696        0.0000E+00
     1       1.041120000        389.53115            322.76041            66.770739        0.0000E+00
     1       1.042360000        349.02691            286.51719            62.509726        0.0000E+00
     1       1.043600000        310.85488            252.54161            58.313265        0.0000E+00
     1       1.044840000        274.99569            220.81189            54.183800        0.0000E+00
     1       1.046080000        241.42999            191.30638            50.123606        0.0000E+00
     1       1.047320000        210.13842            164.00362            46.134793        0.0000E+00
     1       1.048560000        181.10162            138.88231            42.219304        0.0000E+00
     1       1.049800000        154.30024            115.92131            38.378925        0.0000E+00
     1       1.051040000        129.71491            95.099642            34.615272        0.0000E+00
     1       1.052280000        107.32629            76.396488            30.929804        0.0000E+00
     1       1.053520000        87.115014            59.791192            27.323822        0.0000E+00
     1       1.054760000        69.061723            45.263259            23.798463        0.0000E+00
     1       1.056000000        53.147060            32.792349            20.354710        0.0000E+00
     1       1.057240000        39.351668            22.358279            16.993389        0.0000E+00
     1       1.058480000        27.656190            13.941021            13.715169        0.0000E+00
     1       1.059720000        18.041269            7.5207023            10.520567        0.0000E+00
     1       1.060960000        10.487547            3.0776032            7.4099437        0.0000E+00
     1       1.062200000        4.9756663           0.59215604            4.3835102        0.0000E+00
     1       1.063440000        1.4862698           0.44944183E-01        1.4413256        0.0000E+00
     1       1.064680000        0.0000000            1.4166973           -1.4166973        0.0000E+00
     1       1.065920000       0.49749947            4.6882687           -4.1907693        0.0000E+00
     1       1.067160000        2.9594108            9.8406257           -6.8812149        0.0000E+00
     1       1.068400000        7.3663764            16.854855           -9.4884783        0.0000E+00
     1       1.069640000        13.699039            25.712167           -12.013128        0.0000E+00
     1       1.070880000        21.938041            36.393903           -14.455862        0.0000E+00
     1       1.072120000        32.064025            48.881536           -16.817511        0.0000E+00
     1       1.073360000        44.057634            63.156679           -19.099045        0.0000E+00
     1       1.074600000        57.899510            79.201082           -21.301572        0.0000E+00
     1       1.075840000        73.570295            96.996639           -23.426344        0.0000E+00
     1       1.077080000        91.050633            116.52539           -25.474758        0.0000E+00
     1       1.078320000        110.32117            137.76952           -27.448357        0.0000E+00
     1       1.079560000        131.36254            160.71137           -29.348834        0.0000E+00
     1       1.080800000        154.15539            185.33342           -31.178031        0.0000E+00
     1       1.082040000        178.68036            211.61830           -32.937940        0.0000E+00
     1       1.083280000        204.91809            239.54880           -34.630702        0.0000E+00
     1       1.084520000        232.84924            269.10785           -36.258610        0.0000E+00
     1       1.085760000        262.45444            300.27855           -37.824110        0.0000E+00
     1       1.087000000        293.71432            333.04412           -39.329794        0.0000E+00
     1       1.088240000        326.60955            367.38795           -40.778407        0.0000E+00
     1       1.089480000        361.12075            403.29359           -42.172842        0.0000E+00
     1       1.090720000        397.22857            440.74471           -43.516139        0.0000E+00
     1       1.091960000        434.91365            479.72514           -44.811487        0.0000E+00
     1       1.093200000        474.15664            520.21886           -46.062219        0.0000E+00
     1       1.094440000        514.93818            562.21000           -47.271814        0.0000E+00
     1       1.095680000        557.23891            605.68280           -48.443893        0.0000E+00
     1       1.096920000        601.03947            650.62169           -49.582217        0.0000E+00
     1       1.098160000        646.32051            697.01120           -50.690691        0.0000E+00
     1       1.099400000        693.06267            744.83602           -51.773352        0.0000E+00
     1       1.100640000        741.24658            794.08096           -52.834378        0.0000E+00
     1       1.101880000        790.85290            844.73098           -53.878079        0.0000E+00
     1       1.103120000        841.86227            896.77117           -54.908897        0.0000E+00
     1       1.104360000        894.25532            950.18673           -55.931407        0.0000E+00
     1       1.105600000        948.01271            1004.9630           -56.950308        0.0000E+00
     1       1.106840000        1003.1151            1061.0855           -57.970426        0.0000E+00
     1       1.108080000        1059.5430            1118.5398           -58.996724        0.0000E+00
     1       1.109320000        1117.2773            1177.3115           -60.034258        0.0000E+00
     1       1.110560000        1176.2984            1237.3867           -61.088245        0.0000E+00
     1       1.111800000        1236.5875            1298.7511           -62.163540        0.0000E+00
     1       1.113040000        1298.1313            1361.3909           -63.259577        0.0000E+00
     1       1.114280000        1360.9201            1425.2922           -64.372091        0.0000E+00
     1       1.115520000        1424.9445            1490.4414           -65.496861        0.0000E+00
     1       1.116760000        1490.1951            1556.8249           -66.629798        0.0000E+00
     1       1.118000000        1556.6622            1624.4291           -67.766879        0.0000E+00
     1       1.119240000        1624.3366            1693.2408           -68.904219        0.0000E+00
     1       1.120480000        1693.2086            1763.2466           -70.038029        0.0000E+00
     1       1.121720000        1763.2687            1834.4334           -71.164621        0.0000E+00
     1       1.122960000        1834.5076            1906.7880           -72.280410        0.0000E+00
     1       1.124200000        1906.9157            1980.2977           -73.381920        0.0000E+00
     1       1.125440000        1980.4836            2054.9493           -74.465754        0.0000E+00
     1       1.126680000        2055.2017            2130.7303           -75.528631        0.0000E+00
     1       1.127920000        2131.0606            2207.6280           -76.567355        0.0000E+00
     1       1.129160000        2208.0508            2285.6296           -77.578824        0.0000E+00
     1       1.130400000        2286.1628            2364.7229           -78.560016        0.0000E+00
     1       1.131640000        2365.3872            2444.8952           -79.508032        0.0000E+00
     1       1.132880000        2445.7144            2526.1345           -80.420042        0.0000E+00
     1       1.134120000        2527.1350            2608.4283           -81.293283        0.0000E+00
     1       1.135360000        2609.6395            2691.7646           -82.125120        0.0000E+00
     1       1.136600000        2693.2184            2776.1314           -82.912982        0.0000E+00
     1       1.137840000        2777.8622            2861.5166           -83.654385        0.0000E+00
     1       1.139080000        2863.5615            2947.9084           -84.346916        0.0000E+00
     1       1.140320000        2950.3068            3035.2950           -84.988275        0.0000E+00
     1       1.141560000        3038.0885            3123.6647           -85.576215        0.0000E+00
     1       1.142800000        3126.8973            3213.0058           -86.108578        0.0000E+00
     1       1.144040000        3216.7235            3303.3068           -86.583296        0.0000E+00
     1       1.145280000        3307.5579            3394.5562           -86.998360        0.0000E+00
     1       1.146520000        3399.3907            3486.7426           -87.351859        0.0000E+00
     1       1.147760000        3492.2127            3579.8546           -87.641949        0.0000E+00
     1       1.149000000        3586.0141            3673.8811           -87.866964        0.0000E+00
     1       1.150240000        3680.7829            3768.8108           -88.027982        0.0000E+00
     1       1.151480000        3776.5038            3864.6327           -88.128908        0.0000E+00
     1       1.152720000        3873.1619            3961.3358           -88.173842        0.0000E+00
     1       1.153960000        3970.7420            4058.9090           -88.166987        0.0000E+00
     1       1.155200000        4069.2289            4157.3415           -88.112601        0.0000E+00
     1       1.156440000        4168.6075            4256.6226           -88.015015        0.0000E+00
     1       1.157680000        4268.8628            4356.7414           -87.878634        0.0000E+00
     1       1.158920000        4369.9794            4457.6874           -87.707945        0.0000E+00
     1       1.160160000        4471.9425            4559.4499           -87.507487        0.0000E+00
     1       1.161400000        4574.7366            4662.0186           -87.281902        0.0000E+00
     1       1.162640000        4678.3469            4765.3828           -87.035873        0.0000E+00
     1       1.163880000        4782.7581            4869.5322           -86.774176        0.0000E+00
     1       1.165120000        4887.9550            4974.4567           -86.501646        0.0000E+00
     1       1.166360000        4993.9227            5080.1458           -86.223191        0.0000E+00
     1       1.167600000        5100.6458            5186.5896           -85.943801        0.0000E+00
     1       1.168840000        5208.1093            5293.7778           -85.668513        0.0000E+00
     1       1.170080000        5316.2981            5401.7006           -85.402470        0.0000E+00
     1       1.171320000        5425.1970            5510.3479           -85.150862        0.0000E+00
     1       1.172560000        5534.7909            5619.7099           -84.918939        0.0000E+00
     1       1.173800000        5645.0647            5729.7768           -84.712046        0.0000E+00
     1       1.175040000        5756.0032            5840.5388           -84.535593        0.0000E+00
     1       1.176280000        5867.5913            5951.9863           -84.395045        0.0000E+00
     1       1.177520000        5979.8166            6064.1098           -84.293154        0.0000E+00
     1       1.178760000        6092.6741            6176.8997           -84.225515        0.0000E+00
     1       1.180000000        6206.1599            6290.3465           -84.186621        0.0000E+00
     1       1.181240000        6320.2699            6404.4409           -84.171008        0.0000E+00
     1       1.182480000        6435.0002            6519.1735           -84.173321        0.0000E+00
     1       1.183720000        6550.3470            6634.5353           -84.188255        0.0000E+00
     1       1.184960000        6666.3063            6750.5168           -84.210575        0.0000E+00
     1       1.186200000        6782.8741            6867.1092           -84.235120        0.0000E+00
     1       1.187440000        6900.0466            6984.3034           -84.256805        0.0000E+00
     1       1.188680000        7017.8197            7102.0903           -84.270609        0.0000E+00
     1       1.189920000        7136.1896            7220.4612           -84.271579        0.0000E+00
     1       1.191160000        7255.1523            7339.4072           -84.254844        0.0000E+00
     1       1.192400000        7374.7039            7458.9195           -84.215585        0.0000E+00
     1       1.193640000        7494.8405            7578.9896           -84.149070        0.0000E+00
     1       1.194880000        7615.5581            7699.6088           -84.050640        0.0000E+00
     1       1.196120000        7736.8528            7820.7685           -83.915688        0.0000E+00
     1       1.197360000        7858.7207            7942.4604           -83.739685        0.0000E+00
     1       1.198600000        7981.1578            8064.6760           -83.518195        0.0000E+00
     1       1.199840000        8104.1601            8187.4070           -83.246831        0.0000E+00
     1       1.201080000        8227.7234            8310.6452           -82.921818        0.0000E+00
     1       1.202320000        8351.8386            8434.3824           -82.543711        0.0000E+00
     1       1.203560000        8476.4953            8558.6104           -82.115086        0.0000E+00
     1       1.204800000        8601.6828            8683.3214           -81.638570        0.0000E+00
     1       1.206040000        8727.3903            8808.5072           -81.116890        0.0000E+00
     1       1.207280000        8853.6072            8934.1600           -80.552834        0.0000E+00
     1       1.208520000        8980.3228            9060.2720           -79.949260        0.0000E+00
     1       1.209760000        9107.5264            9186.8355           -79.309088        0.0000E+00
     1       1.211000000        9235.2074            9313.8427           -78.635317        0.0000E+00
     1       1.212240000        9363.3550            9441.2860           -77.931026        0.0000E+00
     1       1.213480000        9491.9586            9569.1580           -77.199346        0.0000E+00
     1       1.214720000        9621.0075            9697.4510           -76.443496        0.0000E+00
     1       1.215960000        9750.4911            9826.1578           -75.666737        0.0000E+00
     1       1.217200000        9880.3986            9955.2710           -74.872439        0.0000E+00
     1       1.218440000        10010.719            10084.783           -74.063980        0.0000E+00
     1       1.219680000        10141.443            10214.688           -73.244970        0.0000E+00
     1       1.220920000        10272.558            10344.977           -72.418788        0.0000E+00
     1       1.222160000        10404.055            10475.644           -71.589180        0.0000E+00
     1       1.223400000        10535.924            10606.681           -70.757164        0.0000E+00
     1       1.224640000        10668.164            10738.083           -69.918724        0.0000E+00
     1       1.225880000        10800.773            10869.842           -69.068715        0.0000E+00
     1       1.227120000        10933.748            11001.950           -68.202459        0.0000E+00
     1       1.228360000        11067.088            11134.403           -67.315145        0.0000E+00
     1       1.229600000        11200.790            11267.192           -66.402131        0.0000E+00
     1       1.230840000        11334.853            11400.312           -65.458642        0.0000E+00
     1       1.232080000        11469.275            11533.755           -64.480272        0.0000E+00
     1       1.233320000        11604.053            11667.516           -63.462479        0.0000E+00
     1       1.234560000        11739.187            11801.588           -62.400788        0.0000E+00
     1       1.235800000        11874.673            11935.964           -61.290993        0.0000E+00
     1       1.237040000        12010.511            12070.639           -60.128551        0.0000E+00
     1       1.238280000        12146.697            12205.606           -58.909384        0.0000E+00
     1       1.239520000        12283.230            12340.860           -57.629282        0.0000E+00
     1       1.240760000        12420.109            12476.393           -56.284298        0.0000E+00
     1       1.242000000        12557.331            12612.201           -54.870150        0.0000E+00
     1       1.243240000        12694.893            12748.277           -53.384018        0.0000E+00
     1       1.244480000        12832.783            12884.615           -51.832448        0.0000E+00
     1       1.245720000        12970.984            13021.210           -50.226149        0.0000E+00
     1       1.246960000        13109.479            13158.055           -48.576490        0.0000E+00
     1       1.248200000        13248.252            13295.146           -46.894605        0.0000E+00
     1       1.249440000        13387.285            13432.477           -45.191688        0.0000E+00
     1       1.250680000        13526.562            13570.041           -43.479096        0.0000E+00
     1       1.251920000        13666.066            13707.834           -41.768146        0.0000E+00
     1       1.253160000        13805.780            13845.850           -40.070314        0.0000E+00
     1       1.254400000        13945.687            13984.084           -38.397138        0.0000E+00
     1       1.255640000        14085.770            14122.530           -36.760014        0.0000E+00
     1       1.256880000        14226.013            14261.184           -35.170697        0.0000E+00
     1       1.258120000        14366.398            14400.039           -33.640800        0.0000E+00
     1       1.259360000        14506.909            14539.092           -32.182095        0.0000E+00
     1       1.260600000        14647.530            14678.336           -30.806309        0.0000E+00
     1       1.261840000        14788.242            14817.767           -29.525228        0.0000E+00
     1       1.263080000        14929.035            14957.380           -28.344393        0.0000E+00
     1       1.264320000        15069.919            15097.170           -27.250701        0.0000E+00
     1       1.265560000        15210.904            15237.131           -26.227903        0.0000E+00
     1       1.266800000        15352.001            15377.261           -25.259806        0.0000E+00
     1       1.268040000        15493.222            15517.552           -24.330269        0.0000E+00
     1       1.269280000        15634.579            15658.002           -23.423006        0.0000E+00
     1       1.270520000        15776.083            15798.605           -22.522182        0.0000E+00
     1       1.271760000        15917.745            15939.356           -21.611717        0.0000E+00
     1       1.273000000        16059.576            16080.252           -20.675679        0.0000E+00
     1       1.274240000        16201.589            16221.287           -19.698089        0.0000E+00
     1       1.275480000        16343.795            16362.458           -18.663219        0.0000E+00
     1       1.276720000        16486.204            16503.759           -17.555188        0.0000E+00
     1       1.277960000        16628.829            16645.187           -16.358268        0.0000E+00
     1       1.279200000        16771.680            16786.737           -15.056775        0.0000E+00
     1       1.280440000        16914.770            16928.405           -13.634977        0.0000E+00
     1       1.281680000        17058.105            17070.187           -12.082388        0.0000E+00
     1       1.282920000        17201.667            17212.079           -10.411367        0.0000E+00
     1       1.284160000        17345.435            17354.076           -8.6410216        0.0000E+00
     1       1.285400000        17489.384            17496.175           -6.7907038        0.0000E+00
     1       1.286640000        17633.491            17638.371           -4.8795107        0.0000E+00
     1       1.287880000        17777.734            17780.661           -2.9268836        0.0000E+00
     1       1.289120000        17922.088            17923.040          -0.95200759        0.0000E+00
     1       1.290360000        18066.531            18065.505            1.0256891        0.0000E+00
     1       1.291600000        18211.039            18208.052            2.9867358        0.0000E+00
     1       1.292840000        18355.589            18350.678            4.9116198        0.0000E+00
     1       1.294080000        18500.159            18493.378            6.7809872        0.0000E+00
     1       1.295320000        18644.723            18636.148            8.5752435        0.0000E+00
     1       1.296560000        18789.260            18778.985            10.274754        0.0000E+00
     1       1.297800000        18933.746            18921.886            11.859844        0.0000E+00
     1       1.299040000        19078.158            19064.847            13.311200        0.0000E+00
     1       1.300280000        19222.487            19207.864            14.622971        0.0000E+00
     1       1.301520000        19366.749            19350.934            15.814868        0.0000E+00
     1       1.302760000        19510.962            19494.053            16.909164        0.0000E+00
     1       1.304000000        19655.146            19637.218            17.928096        0.0000E+00
     1       1.305240000        19799.319            19780.425            18.893864        0.0000E+00
     1       1.306480000        19943.501            19923.672            19.828634        0.0000E+00
     1       1.307720000        20087.709            20066.954            20.754537        0.0000E+00
     1       1.308960000        20231.963            20210.269            21.693768        0.0000E+00
     1       1.310200000        20376.281            20353.613            22.668190        0.0000E+00
     1       1.311440000        20520.683            20496.983            23.700031        0.0000E+00
     1       1.312680000        20665.187            20640.376            24.811088        0.0000E+00
     1       1.313920000        20809.812            20783.788            26.023524        0.0000E+00
     1       1.315160000        20954.576            20927.217            27.359173        0.0000E+00
     1       1.316400000        21099.499            21070.659            28.839935        0.0000E+00
     1       1.317640000        21244.595            21214.112            30.483082        0.0000E+00
     1       1.318880000        21389.847            21357.572            32.275753        0.0000E+00
     1       1.320120000        21535.229            21501.036            34.192959        0.0000E+00
     1       1.321360000        21680.711            21644.501            36.209783        0.0000E+00
     1       1.322600000        21826.266            21787.965            38.300977        0.0000E+00
     1       1.323840000        21971.865            21931.424            40.441468        0.0000E+00
     1       1.325080000        22117.482            22074.875            42.606251        0.0000E+00
     1       1.326320000        22263.087            22218.317            44.770098        0.0000E+00
     1       1.327560000        22408.653            22361.745            46.907852        0.0000E+00
     1       1.328800000        22554.151            22505.157            48.994230        0.0000E+00
     1       1.330040000        22699.554            22648.550            51.004125        0.0000E+00
     1       1.331280000        22844.834            22791.922            52.912102        0.0000E+00
     1       1.332520000        22989.962            22935.269            54.693102        0.0000E+00
     1       1.333760000        23134.911            23078.589            56.321643        0.0000E+00
     1       1.335000000        23279.655            23221.880            57.775418        0.0000E+00
     1       1.336240000        23424.198            23365.138            59.059895        0.0000E+00
     1       1.337480000        23568.557            23508.361            60.196220        0.0000E+00
     1       1.338720000        23712.751            23651.546            61.205216        0.0000E+00
     1       1.339960000        23856.799            23794.691            62.107985        0.0000E+00
     1       1.341200000        24000.719            23937.794            62.925505        0.0000E+00
     1       1.342440000        24144.529            24080.851            63.678832        0.0000E+00
     1       1.343680000        24288.248            24223.859            64.388902        0.0000E+00
     1       1.344920000        24431.895            24366.818            65.076730        0.0000E+00
     1       1.346160000        24575.486            24509.723            65.763010        0.0000E+00
     1       1.347400000        24719.042            24652.574            66.468916        0.0000E+00
     1       1.348640000        24862.581            24795.366            67.215102        0.0000E+00
     1       1.349880000        25006.120            24938.098            68.022602        0.0000E+00
     1       1.351120000        25149.679            25080.767            68.912231        0.0000E+00
     1       1.352360000        25293.273            25223.371            69.902485        0.0000E+00
     1       1.353600000        25436.896            25365.907            70.988641        0.0000E+00
     1       1.354840000        25580.526            25508.374            72.151860        0.0000E+00
     1       1.356080000        25724.142            25650.769            73.372982        0.0000E+00
     1       1.357320000        25867.721            25793.089            74.632930        0.0000E+00
     1       1.358560000        26011.244            25935.332            75.912611        0.0000E+00
     1       1.359800000        26154.689            26077.496            77.192913        0.0000E+00
     1       1.361040000        26298.033            26219.578            78.454608        0.0000E+00
     1       1.362280000        26441.256            26361.577            79.678451        0.0000E+00
     1       1.363520000        26584.336            26503.490            80.845481        0.0000E+00
     1       1.364760000        26727.252            26645.315            81.936320        0.0000E+00
     1       1.366000000        26869.982            26787.050            82.931874        0.0000E+00
     1       1.367240000        27012.505            26928.692            83.812735        0.0000E+00
     1       1.368480000        27154.799            27070.240            84.559778        0.0000E+00
     1       1.369720000        27296.847            27211.690            85.157063        0.0000E+00
     1       1.370960000        27438.653            27353.042            85.611634        0.0000E+00
     1       1.372200000        27580.232            27494.292            85.940222        0.0000E+00
     1       1.373440000        27721.599            27635.440            86.159542        0.0000E+00
     1       1.374680000        27862.768            27776.482            86.286395        0.0000E+00
     1       1.375920000        28003.753            27917.416            86.337367        0.0000E+00
     1       1.377160000        28144.570            28058.241            86.329130        0.0000E+00
     1       1.378400000        28285.233            28198.955            86.278543        0.0000E+00
     1       1.379640000        28425.756            28339.554            86.202050        0.0000E+00
     1       1.380880000        28566.155            28480.039            86.116482        0.0000E+00
     1       1.382120000        28706.444            28620.405            86.038456        0.0000E+00
     1       1.383360000        28846.637            28760.652            85.984476        0.0000E+00
     1       1.384600000        28986.749            28900.778            85.971233        0.0000E+00
     1       1.385840000        29126.795            29040.779            86.015304        0.0000E+00
     1       1.387080000        29266.785            29180.656            86.129453        0.0000E+00
     1       1.388320000        29406.713            29320.404            86.308632        0.0000E+00
     1       1.389560000        29546.566            29460.023            86.542680        0.0000E+00
     1       1.390800000        29686.332            29599.511            86.821323        0.0000E+00
     1       1.392040000        29826.000            29738.866            87.134474        0.0000E+00
     1       1.393280000        29965.557            29878.085            87.471935        0.0000E+00
     1       1.394520000        30104.990            30017.167            87.823294        0.0000E+00
     1       1.395760000        30244.289            30156.110            88.178527        0.0000E+00
     1       1.397000000        30383.440            30294.912            88.527199        0.0000E+00
     1       1.398240000        30522.431            30433.572            88.859162        0.0000E+00
     1       1.399480000        30661.251            30572.087            89.164056        0.0000E+00
     1       1.400720000        30799.888            30710.456            89.431609        0.0000E+00
     1       1.401960000        30938.328            30848.676            89.651636        0.0000E+00
     1       1.403200000        31076.561            30986.747            89.813643        0.0000E+00
     1       1.404440000        31214.578            31124.666            89.912521        0.0000E+00
     1       1.405680000        31352.387            31262.431            89.955551        0.0000E+00
     1       1.406920000        31489.993            31400.041            89.952002        0.0000E+00
     1       1.408160000        31627.405            31537.494            89.911031        0.0000E+00
     1       1.409400000        31764.630            31674.788            89.841983        0.0000E+00
     1       1.410640000        31901.675            31811.922            89.753894        0.0000E+00
     1       1.411880000        32038.549            31948.893            89.655984        0.0000E+00
     1       1.413120000        32175.257            32085.700            89.557565        0.0000E+00
     1       1.414360000        32311.809            32222.341            89.467736        0.0000E+00
     1       1.415600000        32448.211            32358.816            89.395685        0.0000E+00
     1       1.416840000        32584.471            32495.121            89.350488        0.0000E+00
     1       1.418080000        32720.596            32631.255            89.341310        0.0000E+00
     1       1.419320000        32856.594            32767.217            89.377404        0.0000E+00
     1       1.420560000        32992.473            32903.005            89.467413        0.0000E+00
     1       1.421800000        33128.228            33038.617            89.610465        0.0000E+00
     1       1.423040000        33263.844            33174.053            89.791182        0.0000E+00
     1       1.424280000        33399.302            33309.309            89.993269        0.0000E+00
     1       1.425520000        33534.585            33444.384            90.200524        0.0000E+00
     1       1.426760000        33669.675            33579.278            90.396630        0.0000E+00
     1       1.428000000        33804.554            33713.988            90.565361        0.0000E+00
     1       1.429240000        33939.203            33848.513            90.690179        0.0000E+00
     1       1.430480000        34073.606            33982.851            90.754933        0.0000E+00
     1       1.431720000        34207.744            34117.001            90.743163        0.0000E+00
     1       1.432960000        34341.600            34250.961            90.638695        0.0000E+00
     1       1.434200000        34475.155            34384.730            90.424945        0.0000E+00
     1       1.435440000        34608.391            34518.306            90.085618        0.0000E+00
     1       1.436680000        34741.292            34651.687            89.604306        0.0000E+00
     1       1.437920000        34873.839            34784.873            88.965789        0.0000E+00
     1       1.439160000        35006.035            34917.862            88.172738        0.0000E+00
     1       1.440400000        35137.894            35050.652            87.242409        0.0000E+00
     1       1.441640000        35269.434            35183.241            86.192549        0.0000E+00
     1       1.442880000        35400.670            35315.629            85.040792        0.0000E+00
     1       1.444120000        35531.619            35447.814            83.804961        0.0000E+00
     1       1.445360000        35662.298            35579.795            82.502567        0.0000E+00
     1       1.446600000        35792.721            35711.570            81.151308        0.0000E+00
     1       1.447840000        35922.906            35843.137            79.768772        0.0000E+00
     1       1.449080000        36052.869            35974.496            78.372735        0.0000E+00
     1       1.450320000        36182.626            36105.645            76.980759        0.0000E+00
     1       1.451560000        36312.193            36236.583            75.610498        0.0000E+00
     1       1.452800000        36441.587            36367.308            74.279389        0.0000E+00
     1       1.454040000        36570.824            36497.819            73.005062        0.0000E+00
     1       1.455280000        36699.919            36628.115            71.804631        0.0000E+00
     1       1.456520000        36828.880            36758.194            70.686501        0.0000E+00
     1       1.457760000        36957.708            36888.055            69.653263        0.0000E+00
     1       1.459000000        37086.405            37017.697            68.707497        0.0000E+00
     1       1.460240000        37214.970            37147.119            67.851470        0.0000E+00
     1       1.461480000        37343.406            37276.319            67.087737        0.0000E+00
     1       1.462720000        37471.714            37405.296            66.418541        0.0000E+00
     1       1.463960000        37599.895            37534.048            65.846514        0.0000E+00
     1       1.465200000        37727.950            37662.576            65.373872        0.0000E+00
     1       1.466440000        37855.880            37790.877            65.002924        0.0000E+00
     1       1.467680000        37983.686            37918.950            64.736262        0.0000E+00
     1       1.468920000        38111.370            38046.794            64.576067        0.0000E+00
     1       1.470160000        38238.933            38174.408            64.524710        0.0000E+00
     1       1.471400000        38366.375            38301.791            64.584446        0.0000E+00
     1       1.472640000        38493.695            38428.941            64.754419        0.0000E+00
     1       1.473880000        38620.853            38555.857            64.995862        0.0000E+00
     1       1.475120000        38747.786            38682.539            65.246592        0.0000E+00
     1       1.476360000        38874.430            38808.986            65.444116        0.0000E+00
     1       1.477600000        39000.721            38935.195            65.525929        0.0000E+00
     1       1.478840000        39126.596            39061.166            65.429311        0.0000E+00
     1       1.480080000        39251.990            39186.898            65.091832        0.0000E+00
     1       1.481320000        39376.841            39312.391            64.450746        0.0000E+00
     1       1.482560000        39501.085            39437.642            63.443596        0.0000E+00
     1       1.483800000        39624.658            39562.651            62.007714        0.0000E+00
     1       1.485040000        39747.497            39687.416            60.080417        0.0000E+00
     1       1.486280000        39869.537            39811.938            57.599010        0.0000E+00
     1       1.487520000        39990.715            39936.214            54.500984        0.0000E+00
     1       1.488760000        40110.968            40060.244            50.723618        0.0000E+00
     1       1.490000000        40230.283            40184.027            46.255780        0.0000E+00
     1       1.516842105        42813.082            42801.254            11.828919        0.0000E+00
     1       1.543684211        45395.882            45294.290            101.59193        0.0000E+00
     1       1.570526316        47978.681            47657.790            320.89129        0.0000E+00
     1       1.597368421        50561.480            49889.121            672.35890        0.0000E+00
     1       1.624210526        53144.280            51988.125            1156.1546        0.0000E+00
     1       1.651052632        55727.079            53956.777            1770.3018        0.0000E+00
     1       1.677894737        58309.878            55798.804            2511.0740        0.0000E+00
     1       1.704736842        60892.678            57519.282            3373.3955        0.0000E+00
     1       1.731578947        63475.477            59124.255            4351.2224        0.0000E+00
     1       1.758421053        66058.276            60620.391            5437.8857        0.0000E+00
     1       1.785263158        68641.076            62014.691            6626.3842        0.0000E+00
     1       1.812105263        71223.875            63314.253            7909.6220        0.0000E+00
     1       1.838947368        73806.674            64526.080            9280.5943        0.0000E+00
     1       1.865789474        76389.474            65656.949            10732.525        0.0000E+00
     1       1.892631579        78972.273            66713.311            12258.962        0.0000E+00
     1       1.919473684        81555.072            67701.231            13853.841        0.0000E+00
     1       1.946315789        84137.872            68626.354            15511.518        0.0000E+00
     1       1.973157895        86720.671            69493.887            17226.784        0.0000E+00
     1       2.000000000        89303.470            70308.606            18994.865        0.0000E+00
     1       2.026842105        91886.270            71074.864            20811.405        0.0000E+00
